I.01,2
I.02,0 1   0 6  2 0 1 6
II.01,7 6 3 1 9 1 6 9 2 4
II.02,3 6 4 7 4 4 9 5 1
II.03,7 9 0 2 2 1 0 7 2 1 5
II.06,P N C o m p
II.07,N O W I C K I
II.08,P R Z E M Y S L A W
II.09,2 1  0 2  1 9 7 9
III.01,1
III.03,1 1  8 0
IV.01,3 9 7 2
IV.02,1 6 2 8
IV.03,5 6 0 0
IV.04,3 9 7 2
IV.05,1 6 2 8
IV.06,5 6 0 0
IV.19,4 9 9
IV.20,3 6 6
IV.21,8 6 5
IV.22,4 9 9
IV.23,3 6 6
IV.24,8 6 5
IV.37,6 4 6 5
VI.02,6 4 6 5
VII.02,2 8 8 9 5
VII.05,2 8 8 9 5
VII.07,2 8 8 9 5
X.01,0 5    7 0    0    0
X.02,5 5 5 0 0
X.03,5 5 5 0 0
X.04,5 5 5 0 0
X.05,3 2 1 0 6 0
XI.01,1 0 0 7 2 0 1 6
